$converged
[1] TRUE

$rank
[1] 1496

$coefficients
[1] 1496

$finite_coefficients
[1] TRUE

$finite_covariance
[1] TRUE

$mgcv_convergence
[1] TRUE

$outer_info
$outer_info$grad
 [1] -5.094526e-03  2.364291e-04 -3.676996e-04 -2.480074e-04 -1.773656e-04
 [6] -1.741625e-04 -1.372078e-04 -3.178663e-05  3.392569e-05  1.182304e-03
[11]  3.482901e-03

$outer_info$hess
               [,1]          [,2]          [,3]          [,4]          [,5]
 [1,]  5.049824e-03  6.694891e-07  3.575629e-04  0.0002410254  1.712536e-04
 [2,]  6.694891e-07 -2.344930e-04 -9.053941e-05 -0.0000274828 -1.787889e-05
 [3,]  3.575629e-04 -9.053941e-05  6.615949e-01 -0.0251890499 -1.844499e-02
 [4,]  2.410254e-04 -2.748280e-05 -2.518905e-02  1.2432853677 -1.561921e-02
 [5,]  1.712536e-04 -1.787889e-05 -1.844499e-02 -0.0156192116  1.350615e+00
 [6,]  1.713805e-04 -2.945746e-05 -1.588014e-02 -0.0145657033 -9.199021e-03
 [7,]  1.363560e-04 -7.656225e-06 -1.596724e-02 -0.0134921264 -1.075180e-02
 [8,]  2.920232e-05  2.460243e-06 -2.818751e-03 -0.0013621668 -1.420697e-03
 [9,] -2.173941e-05  8.692000e-05  1.335357e-02  0.0038356120  5.051354e-03
[10,] -8.883221e-04 -2.489671e-04 -9.482745e-03  0.0639831118  3.928819e-02
[11,] -2.980479e-03  7.425407e-04  1.602387e-01  0.0736344016  6.217370e-02
               [,6]          [,7]          [,8]          [,9]         [,10]
 [1,]  1.713805e-04  1.363560e-04  2.920232e-05 -2.173941e-05 -0.0008883221
 [2,] -2.945746e-05 -7.656225e-06  2.460243e-06  8.692000e-05 -0.0002489671
 [3,] -1.588014e-02 -1.596724e-02 -2.818751e-03  1.335357e-02 -0.0094827449
 [4,] -1.456570e-02 -1.349213e-02 -1.362167e-03  3.835612e-03  0.0639831118
 [5,] -9.199021e-03 -1.075180e-02 -1.420697e-03  5.051354e-03  0.0392881913
 [6,]  1.243486e+00 -7.518308e-03 -4.603543e-04  1.066066e-02  0.0865562989
 [7,] -7.518308e-03  1.145684e+00 -1.032515e-03  7.838154e-03  0.1205679762
 [8,] -4.603543e-04 -1.032515e-03  1.353661e+00 -3.163775e-01  0.0254673748
 [9,]  1.066066e-02  7.838154e-03 -3.163775e-01  2.021420e+01  6.4508340443
[10,]  8.655630e-02  1.205680e-01  2.546737e-02  6.450834e+00 55.1853767925
[11,]  6.140170e-02  4.042118e-02 -4.647952e-02  2.813194e+00  1.2231136888
              [,11]
 [1,] -2.980479e-03
 [2,]  7.425407e-04
 [3,]  1.602387e-01
 [4,]  7.363440e-02
 [5,]  6.217370e-02
 [6,]  6.140170e-02
 [7,]  4.042118e-02
 [8,] -4.647952e-02
 [9,]  2.813194e+00
[10,]  1.223114e+00
[11,]  2.139330e+02


$elapsed_seconds
[1] 251.708

$warnings
[1] "openMP not available: single threaded computation only"
